Wyniki:
0.250000 
1.000000 0.624959 0.651266 0.570126 0.518779 0.461218 0.407700 0.356042 0.306993 0.261501 0.216337 0.184371 0.117916 0.356443 

0.500000 
1.000000 0.512298 0.361754 0.400398 0.314019 0.282522 0.233124 0.191750 0.152754 0.110410 0.087996 0.029428 0.021352 0.322845 

0.750000 
1.000000 0.381830 0.243463 0.130018 0.166237 0.072301 0.053940 0.008759 -0.030527 -0.048402 -0.102073 -0.110158 -0.122863 0.269173 

1.000000 
1.000000 0.413701 0.033545 0.050334 -0.102793 -0.063988 -0.170014 -0.187857 -0.221295 -0.274733 -0.274328 -0.327697 -0.266886 0.198766 

1.250000 
1.000000 0.393701 0.110747 -0.226785 -0.136694 -0.359049 -0.316835 -0.431355 -0.466288 -0.481243 -0.556522 -0.520515 -0.485264 0.116001 

1.500000 
1.000000 0.634447 -0.044324 -0.068024 -0.508146 -0.363927 -0.663393 -0.626254 -0.738360 -0.807320 -0.791135 -0.855099 -0.693744 0.026023 

1.750000 
1.000000 0.684914 0.384542 -0.447597 -0.244230 -0.879219 -0.676069 -1.046941 -1.029533 -1.121055 -1.218620 -1.133445 -1.026875 -0.065573 

2.000000 
1.000000 1.258061 0.132545 0.226793 -0.963783 -0.505205 -1.393702 -1.119936 -1.545388 -1.551509 -1.593475 -1.646504 -1.321704 -0.153092 

